1.051310280010393609e-02
1.012447223077345484e-02
1.008197720401489937e-02
1.031076567453791115e-02
9.827500911953291826e-03
9.169380087202853857e-03
8.505016065678296794e-03
8.429505721325352210e-03
8.333288439766269734e-03
8.278373416035589988e-03
5.770726024427090886e-03
3.517058827693558647e-03
2.416989756363887784e-03
1.103498813328240759e-03
4.612203927425440855e-04
1.655791397666597612e-04
5.204454803369032635e-05
8.737326838169800125e-05
2.119074290254806985e-04
1.903516271056766938e-04
5.175495812939062538e-05
