1.995936500907260353e-02
1.953361118477735942e-02
1.972997561611453468e-02
1.942590993219099615e-02
1.819441649517111737e-02
1.694840247901703567e-02
1.653404207024059339e-02
1.658152361106935910e-02
1.701336267218095388e-02
1.693240576776006839e-02
1.591870561224903100e-02
1.556183208080742092e-02
1.495077377529707707e-02
1.484753874764780344e-02
7.844815838753531681e-03
2.493454258458497209e-03
6.910191786750217915e-04
6.718908778850700512e-04
2.671961834057948724e-04
7.127888212942666514e-04
