7.521619418514693609e-03
7.308331446669969617e-03
7.022801795550382906e-03
6.812246564639655444e-03
6.715670890964788899e-03
6.605346639962502049e-03
6.224283740960533974e-03
5.785107453090888863e-03
5.482078752578876425e-03
5.243155645101678017e-03
4.896299647768902544e-03
3.118831343056853618e-03
2.393183967581312931e-03
1.213234721037583039e-03
5.513554695487550301e-04
4.054835593495654655e-04
3.416131632851916798e-04
8.279251403051871450e-05
8.729923614432439662e-05
1.011474937358877583e-04
4.573097754998761027e-04
3.505329469832431486e-05
4.169505713005985145e-05
